[/Urobolos_CutScene]
Dart: 0 - [2, 3, 4, 5, 6]
Shana: 7 - [9, 10, 11, 12, 13, 14, 15, 16, 17, 18, 19, 20]
Lavitz: 21 - [23, 24, 25, 26, 27, 28, 29]
Urobolos: 30 - [32, 33, 34, 35, 36]
[/Doel_Death]
Doel Dragoon: 43 - [45, 46, 47, 48, 49, 50, 51]
Dart: 52 - [54, 55, 56, 57, 58, 59]
Albert: 60 - [62, 63, 64, 65, 66, 67, 68, 69]
Doel Normal: 70 - [72, 73]
[/Dragoon_Spirit_Stolen]
Dart: 78 - [80, 81, 82, 83, 84, 85]
Rose: 86 - [88, 89, 90, 91, 92]
Mappi: 93 - [95, 96, 97, 98, 99, 100, 101, 102, 103, 104, 105, 106]
[/Divine_Dragon_Death]
Dart: 112 - [114, 115, 116, 117, 118, 119, 120, 121]
Lloyd: 122 - [124, 125, 126, 127]
Lloyd 2: 128 - [130, 131, 132]
Miranda: 133 - [135, 136, 137]
Meru: 138 - [140, 141, 142]
Divine Dragon: 143 - [145, 146, 147]
[/Zieg_Reveals_to_be_Melbu]
Dart: 151 - [153, 154, 155, 156]
Zieg: 157 - [159, 160, 161, 162]
Rose: 163 - [165, 166, 167, 168]
Albert: 169 - [171, 172, 173]
Shana God of Destruction: 174 - [176]
[/Wounded_Virage]
Dart: 178 - [180, 181, 182, 183, 184, 185, 186]
Lavitz: 187 - [189, 190, 191, 192, 193, 194]
Shana: 195 - [197, 198, 199]
Rose: 200 - [202, 203, 204, 205, 206, 207, 208]
Virage: 209 - [211]
[/Complete_Virage_Valley_of_Corrupted_Gravity]
Dart: 214 - [216, 217, 218, 219]
Shana: 220 - [222, 223, 224, 225, 226, 227, 228, 229]
Rose: 230 - [232, 233, 234, 235, 236, 237]
Virage: 238 - [240, 241, 242, 243, 244, 245]
[/Lenus_Death]
Lenus Dragoon: 248 - [250, 251, 252, 253, 254, 255, 256, 257, 258, 259]
Lenus Normal: 260 - [262, 263]
Dart: 264 - [266, 267, 268, 269, 270, 271, 272, 273, 274, 275, 276]
Meru: 277 - [279, 280, 281, 282, 283, 284, 285, 286]
Albert: 287 - [289, 290, 291, 292, 293, 294]
Shana: 295 - [297, 298, 299, 300, 301, 302, 303, 304, 305, 306, 307, 308, 309, 310]
[/Hoax_Battle_Dart_1st_Transformation]
Dart: 315 - [317, 318, 319, 320, 321, 322, 323]
Dart Dragoon: 324 - [326, 327, 328]
Lavitz: 329 - [331, 332, 333, 334, 335, 336]
Kongol: 337 - [339, 340, 341, 342, 343, 344, 345]
Rose Dragoon: 346 - [348, 349, 350, 351, 352, 353, 354, 355, 356, 357, 358]
Rose Normal: 359 - [361, 362]
[/Against_Lloyd_Flanvel]
Dart: 364 - [366, 367, 368, 369, 370, 371, 372, 373, 374, 375, 376, 377, 378, 379, 380]
Lloyd Armored: 381 - [383, 384, 385, 386, 387, 388, 389, 390, 391, 392]
Wink: 393 - [395, 396, 397, 398, 399, 400, 401, 402]
[/Lavitz_Open_the_way]
Dart: 405 - [407, 408, 409, 410, 411, 412, 413, 414, 415, 416, 417, 418, 419, 420, 421]
Albert: 422 - [424, 425, 426, 427, 428, 429, 430, 431, 432]
Lavitz_Zackwell: 433 - [435, 436, 437, 438, 439, 440, 441, 442]
Lavitz Normal: 443 - [445, 446, 447, 448, 449, 450, 451, 452, 453, 454]
Miranda: 455 - [457, 458, 459]
Rose: 460 - [462, 463]
Haschel: 464 - [466, 467]
Kongol: 468 - [470, 471]
Lavitz Hand: 472 - [475]
[/Lavitz_OOF]
Dart: 480 - [482, 483, 484, 485, 486, 487, 488, 489, 490, 491, 492, 493, 494, 495, 496, 497]
Lavitz Normal: 498 - [500, 501, 502, 503, 504]
Lavitz Dragoon: 505 - [507, 508, 509, 510, 511, 512, 513, 514, 515, 516, 517, 518, 519, 520, 521]
Shana: 522 - [524, 525, 526, 527, 528, 529]
Rose: 530 - [532, 533, 534, 535, 536, 537, 538]
Albert Hostage: 539 - [541, 542, 543, 544, 545, 546, 547, 548]
Albert Hostage Received Dragoon Spirit: 549 - [551, 552, 553]
The Hooded Man: 554 - [556, 557, 558, 559]
The Hooded Man Dragon Buster: 560 - [562, 563, 564, 565]
The Hooded Man Reveal to be Lloyd: 566 - [568, 569, 570, 571, 572, 573]
The Hooded Man Steal Moon Gem: 574 - [576, 577]
[/Gehrich_Death]
Haschel: 582 - [584, 585, 586, 587]
Gehrich Dying: 588 - [590, 591]
Dart: 592 - [594, 595, 596, 597, 598]
Mappi Death: 599 - [601]
Albert: 602 - [604, 605, 606, 607, 608]
Shana: 609 - [611]
Meru: 612 - [614, 615]
Kongol: 616 - [618, 619, 620, 621, 622, 623, 624, 625]
[/MF_Last_Fight]
Melbu 1st Stage: 3525 - [651, 652, 653, 654]
Melbu 2nd Stage: 655 - [657, 658, 659, 660, 661, 662]
Melbu 3rd Stage: 663 - [665, 666, 667, 668, 669]
Melbu 3rd Stage Minion: 670 - [672, 673]
Melbu Final Form: 674 - [676, 677, 678, 679, 680, 681]
Monster: 682 - [684, 685, 686, 687, 688]
[/]